4438485426

1638307633

4472230935

1725001344

2220914967

509109493

2090723363

1953742779

1708547681

741889907

31870932

351393779

2989383953

3140590467

4461310367

4256296164

1412819970

39246826

1432251305

2259896562

2010928266

4136531992

4459765736

2283232736

385707206

4372898508

2505022614

3409269432

2961937055

42090221

4438485426

1638307633

4472230935

1725001344

2220914967

509109493

2090723363

1953742779

1708547681

741889907

31870932

351393779

2989383953

3140590467

4461310367

4256296164

1412819970

39246826

1432251305

2259896562

2010928266

4136531992

4459765736

2283232736

385707206

4372898508

2505022614

3409269432

2961937055

42090221

4438485426

1638307633

4472230935

1725001344

2220914967

509109493

2090723363

1953742779

1708547681

741889907

31870932

351393779

2989383953

3140590467

4461310367

4256296164

1412819970

39246826

1432251305

2259896562

2010928266

4136531992

4459765736

2283232736

385707206

4372898508

2505022614

3409269432

2961937055

42090221

4438485426

1638307633

4472230935

1725001344

2220914967

509109493

2090723363

1953742779

1708547681

741889907

31870932

351393779

2989383953

3140590467

4461310367

4256296164

1412819970

39246826

1432251305

2259896562

2010928266

4136531992

4459765736

2283232736

385707206

4372898508

2505022614

3409269432

2961937055

42090221

4472230935

1725001344

2220914967

509109493

2090723363

1953742779

1708547681

741889907

31870932

351393779

2989383953

3140590467

4461310367

4256296164

1412819970

39246826

1432251305

2259896562

2010928266

4136531992

4459765736

2283232736

385707206

4372898508

2505022614

3409269432

2961937055

42090221

4472230935

1725001344

2220914967

509109493

2090723363

1953742779

1708547681

741889907

31870932

351393779

2989383953

3140590467

4461310367

4256296164

1412819970

39246826

1432251305

2259896562

2010928266

4136531992

4459765736

2283232736

385707206

4372898508

2505022614

3409269432

2961937055

42090221

2183323

741889907

4146800697

3260840239

553243697

4466153243

2956237645

4472755912

4375286718

3617204841

1417459362

1580610665

4181902315

2713856147

199533040

1132949036

4051961599

438259268

3579576510

4367178426

4471276742

195298696

263992535

195164479

1994839005

1044927477

318233677

2176423730

4468656237

876239466

1687721216

801227110

2673917506

4465066326

4460432657

353397878

315952661

1962957259

585656256

39858478

4430212675

1399806928

1736993927

21399937

530239295

49627264

44695076

395459140

4430885087

1363721445

192252854

3966899625

4456281213

1401518981

1216472861

2058880827

553327383

4411807487

31481477

4462370715

191549994

1313415009

2275295161

4359517331

3967563143

1442353098

4244639285

4331172528

3536895028

4117047474

4316413422

3233250675

4340202406

208247009

3239454048

1911909917

55791581

307797169

316607874

3897777126

50626743

942460275

4094626123

2982259716

1617770688

286607970

9666782

1295072426

3575410112

4209140868

4244525050

223561249

50314924

3276060364

4455095323

2029642509

2137518834

1709018713

4472945117

3957437314

2463036917

2132033397

2002829141

4443715126

260556585

4345012615

3679092860

3305008014

3293594156

2990648644

